10 10

1 1 29 
1 2 78 
1 3  9 
1 4 36 
1 5 49 
1 6 11 
1 7 62 
1 8 56 
1 9 44 
1 10 21

2 1 43 
2 3 90 
2 5 75 
2 10 11 
2 4 69 
2 2 28 
2 7 46 
2 6 46 
2 8 72 
2 9 30

3 2 91 
3 1 85 
3 4 39 
3 3 74 
3 9 90 
3 6 10 
3 8 12 
3 7 89 
3 10 45 
3 5 33

4 2 81 
4 3 95 
4 1 71 
4 5 99 
4 7  9 
4 9 52 
4 8 85 
4 4 98 
4 10 22 
4 6 43

5 3 14 
5 1  6 
5 2 22 
5 6 61 
5 4 26 
5 5 69 
5 9 21 
5 8 49 
5 10 72 
5 7 53

6 3 84 
6 2  2 
6 6 52 
6 4 95 
6 9 48 
6 10 72 
6 1 47 
6 7 65 
6 5  6 
6 8 25

7 2 46 
7 1 37 
7 4 61 
7 3 13 
7 7 32 
7 6 21 
7 10 32 
7 9 89 
7 8 30 
7 5 55

8 3 31 
8 1 86 
8 2 46 
8 6 74 
8 5 32 
8 7 88 
8 9 19 
8 10 48 
8 8 36 
8 4 79

9 1 76 
9 2 69 
9 4 76 
9 6 51 
9 3 85 
9 10 11 
9 7 40 
9 8 89 
9 5 26 
9 9 74

10 2 85 
10 1 13 
10 3 61 
10 7  7 
10 9 64 
10 10 76 
10 6 47 
10 4 52 
10 5 90 
10 8 45